#Thresholds: Blast Output=Acido_16S_vs_WLE_OTUs.blastn; %ID=90; aln_len=0; e-value=1e-5; bitScore=50; QueryCoverage=0%
#Columns: Query	Subject	Percent_ID	Aln_Len	Mismatch	Gap	Query_Start	Query_Stop	Subject_Start	Subject_Stop	E-Value	Bit_Score
2807007782_16S_rRNA_Bryobacter_CoA8_BinC33_Ga0318636_1106	Otu13783	98.81	253	1	2	489	740	1	252	5e-126	449	1481	253	17
2807007782_16S_rRNA_Bryobacter_CoA8_BinC33_Ga0318636_1106	Otu00096	98.81	253	2	1	489	741	1	252	5e-126	449	1481	253	17
2807007782_16S_rRNA_Bryobacter_CoA8_BinC33_Ga0318636_1106	Otu36851	99.59	243	1	0	489	731	1	243	2e-124	444	1481	253	16
2807007782_16S_rRNA_Bryobacter_CoA8_BinC33_Ga0318636_1106	Otu32153	98.79	248	3	0	489	736	1	248	8e-124	442	1481	253	17
2807007782_16S_rRNA_Bryobacter_CoA8_BinC33_Ga0318636_1106	Otu32638	98.02	253	5	0	489	741	1	253	3e-123	440	1481	253	17
2807007782_16S_rRNA_Bryobacter_CoA8_BinC33_Ga0318636_1106	Otu36479	99.18	243	2	0	499	741	11	253	1e-122	438	1481	253	16
2807007782_16S_rRNA_Bryobacter_CoA8_BinC33_Ga0318636_1106	Otu08629	98.02	252	5	0	489	740	1	252	1e-122	438	1481	253	17
2807007782_16S_rRNA_Bryobacter_CoA8_BinC33_Ga0318636_1106	Otu06013	98.02	252	5	0	489	740	1	252	1e-122	438	1481	253	17
2807007782_16S_rRNA_Bryobacter_CoA8_BinC33_Ga0318636_1106	Otu11942	98.01	251	5	0	489	739	1	251	4e-122	436	1481	253	17
2807007782_16S_rRNA_Bryobacter_CoA8_BinC33_Ga0318636_1106	Otu10540	98.01	251	5	0	489	739	1	251	4e-122	436	1481	253	17
2807007782_16S_rRNA_Bryobacter_CoA8_BinC33_Ga0318636_1106	Otu36544	97.63	253	6	0	489	741	1	253	1e-121	435	1481	253	17
2807007782_16S_rRNA_Bryobacter_CoA8_BinC33_Ga0318636_1106	Otu34956	98.00	250	5	0	489	738	1	250	1e-121	435	1481	253	17
2807007782_16S_rRNA_Bryobacter_CoA8_BinC33_Ga0318636_1106	Otu31255	97.63	253	6	0	489	741	1	253	1e-121	435	1481	253	17
2807007782_16S_rRNA_Bryobacter_CoA8_BinC33_Ga0318636_1106	Otu22440	97.63	253	6	0	489	741	1	253	1e-121	435	1481	253	17
2807007782_16S_rRNA_Bryobacter_CoA8_BinC33_Ga0318636_1106	Otu21081	97.63	253	6	0	489	741	1	253	1e-121	435	1481	253	17
2807007782_16S_rRNA_Bryobacter_CoA8_BinC33_Ga0318636_1106	Otu20638	97.63	253	6	0	489	741	1	253	1e-121	435	1481	253	17
2807007782_16S_rRNA_Bryobacter_CoA8_BinC33_Ga0318636_1106	Otu18747	97.63	253	6	0	489	741	1	253	1e-121	435	1481	253	17
2807007782_16S_rRNA_Bryobacter_CoA8_BinC33_Ga0318636_1106	Otu15514	97.63	253	6	0	489	741	1	253	1e-121	435	1481	253	17
2807007782_16S_rRNA_Bryobacter_CoA8_BinC33_Ga0318636_1106	Otu14026	97.63	253	6	0	489	741	1	253	1e-121	435	1481	253	17
2807007782_16S_rRNA_Bryobacter_CoA8_BinC33_Ga0318636_1106	Otu13066	97.63	253	6	0	489	741	1	253	1e-121	435	1481	253	17
2807007782_16S_rRNA_Bryobacter_CoA8_BinC33_Ga0318636_1106	Otu12768	97.63	253	6	0	489	741	1	253	1e-121	435	1481	253	17
2807007782_16S_rRNA_Bryobacter_CoA8_BinC33_Ga0318636_1106	Otu12162	97.63	253	6	0	489	741	1	253	1e-121	435	1481	253	17
2807007782_16S_rRNA_Bryobacter_CoA8_BinC33_Ga0318636_1106	Otu10055	97.63	253	6	0	489	741	1	253	1e-121	435	1481	253	17
2807007782_16S_rRNA_Bryobacter_CoA8_BinC33_Ga0318636_1106	Otu09743	97.63	253	6	0	489	741	1	253	1e-121	435	1481	253	17
2807007782_16S_rRNA_Bryobacter_CoA8_BinC33_Ga0318636_1106	Otu08858	97.63	253	6	0	489	741	1	253	1e-121	435	1481	253	17
2807007782_16S_rRNA_Bryobacter_CoA8_BinC33_Ga0318636_1106	Otu07042	97.63	253	6	0	489	741	1	253	1e-121	435	1481	253	17
2807007782_16S_rRNA_Bryobacter_CoA8_BinC33_Ga0318636_1106	Otu02334	97.63	253	6	0	489	741	1	253	1e-121	435	1481	253	17
2807007782_16S_rRNA_Bryobacter_CoA8_BinC33_Ga0318636_1106	Otu37650	97.23	253	7	0	489	741	1	253	6e-120	429	1481	253	17
2807007782_16S_rRNA_Bryobacter_CoA8_BinC33_Ga0318636_1106	Otu22405	97.24	254	5	2	489	741	1	253	6e-120	429	1481	253	17
2807007782_16S_rRNA_Bryobacter_CoA8_BinC33_Ga0318636_1106	Otu20431	97.60	250	6	0	489	738	1	250	6e-120	429	1481	253	17
2807007782_16S_rRNA_Bryobacter_CoA8_BinC33_Ga0318636_1106	Otu11941	97.23	253	7	0	489	741	1	253	6e-120	429	1481	253	17
2807007782_16S_rRNA_Bryobacter_CoA8_BinC33_Ga0318636_1106	Otu06388	97.23	253	7	0	489	741	1	253	6e-120	429	1481	253	17
2807007782_16S_rRNA_Bryobacter_CoA8_BinC33_Ga0318636_1106	Otu31734	97.22	252	7	0	490	741	2	253	2e-119	427	1481	253	17
2807007782_16S_rRNA_Bryobacter_CoA8_BinC33_Ga0318636_1106	Otu11983	97.22	252	7	0	490	741	2	253	2e-119	427	1481	253	17
2807007782_16S_rRNA_Bryobacter_CoA8_BinC33_Ga0318636_1106	Otu37749	96.84	253	8	0	489	741	1	253	3e-118	424	1481	253	17
2807007782_16S_rRNA_Bryobacter_CoA8_BinC33_Ga0318636_1106	Otu33106	96.84	253	8	0	489	741	1	253	3e-118	424	1481	253	17
2807007782_16S_rRNA_Bryobacter_CoA8_BinC33_Ga0318636_1106	Otu23079	96.84	253	8	0	489	741	1	253	3e-118	424	1481	253	17
2807007782_16S_rRNA_Bryobacter_CoA8_BinC33_Ga0318636_1106	Otu21712	97.20	250	7	0	489	738	1	250	3e-118	424	1481	253	17
2807007782_16S_rRNA_Bryobacter_CoA8_BinC33_Ga0318636_1106	Otu17449	96.84	253	8	0	489	741	1	253	3e-118	424	1481	253	17
2807007782_16S_rRNA_Bryobacter_CoA8_BinC33_Ga0318636_1106	Otu16977	97.57	247	6	0	489	735	1	247	3e-118	424	1481	253	17
2807007782_16S_rRNA_Bryobacter_CoA8_BinC33_Ga0318636_1106	Otu15426	96.84	253	8	0	489	741	1	253	3e-118	424	1481	253	17
2807007782_16S_rRNA_Bryobacter_CoA8_BinC33_Ga0318636_1106	Otu17761	97.56	246	6	0	489	734	1	246	1e-117	422	1481	253	17
2807007782_16S_rRNA_Bryobacter_CoA8_BinC33_Ga0318636_1106	Otu37480	96.44	253	9	0	489	741	1	253	1e-116	418	1481	253	17
2807007782_16S_rRNA_Bryobacter_CoA8_BinC33_Ga0318636_1106	Otu37466	96.44	253	9	0	489	741	1	253	1e-116	418	1481	253	17
2807007782_16S_rRNA_Bryobacter_CoA8_BinC33_Ga0318636_1106	Otu36257	96.44	253	9	0	489	741	1	253	1e-116	418	1481	253	17
2807007782_16S_rRNA_Bryobacter_CoA8_BinC33_Ga0318636_1106	Otu30532	96.44	253	9	0	489	741	1	253	1e-116	418	1481	253	17
2807007782_16S_rRNA_Bryobacter_CoA8_BinC33_Ga0318636_1106	Otu22191	96.43	252	9	0	489	740	1	252	5e-116	416	1481	253	17
2807007782_16S_rRNA_Bryobacter_CoA8_BinC33_Ga0318636_1106	Otu20370	96.43	252	9	0	489	740	1	252	5e-116	416	1481	253	17
2807007782_16S_rRNA_Bryobacter_CoA8_BinC33_Ga0318636_1106	Otu16116	96.05	253	10	0	489	741	1	253	6e-115	412	1481	253	17
2807007782_16S_rRNA_Bryobacter_CoA8_BinC33_Ga0318636_1106	Otu21982	96.03	252	10	0	489	740	1	252	2e-114	411	1481	253	17
2807007782_16S_rRNA_Bryobacter_CoA8_BinC33_Ga0318636_1106	Otu34718	95.65	253	11	0	489	741	1	253	3e-113	407	1481	253	17
2807007782_16S_rRNA_Bryobacter_CoA8_BinC33_Ga0318636_1106	Otu28894	96.00	250	10	0	489	738	1	250	3e-113	407	1481	253	17
2807007782_16S_rRNA_Bryobacter_CoA8_BinC33_Ga0318636_1106	Otu28143	95.65	253	11	0	489	741	1	253	3e-113	407	1481	253	17
2807007782_16S_rRNA_Bryobacter_CoA8_BinC33_Ga0318636_1106	Otu27246	95.65	253	11	0	489	741	1	253	3e-113	407	1481	253	17
2807007782_16S_rRNA_Bryobacter_CoA8_BinC33_Ga0318636_1106	Otu25381	95.65	253	11	0	489	741	1	253	3e-113	407	1481	253	17
2807007782_16S_rRNA_Bryobacter_CoA8_BinC33_Ga0318636_1106	Otu17221	95.67	254	9	2	489	741	1	253	3e-113	407	1481	253	17
2807007782_16S_rRNA_Bryobacter_CoA8_BinC33_Ga0318636_1106	Otu29496	95.26	253	12	0	489	741	1	253	1e-111	401	1481	253	17
2807007782_16S_rRNA_Bryobacter_CoA8_BinC33_Ga0318636_1106	Otu26647	95.26	253	12	0	489	741	1	253	1e-111	401	1481	253	17
2807007782_16S_rRNA_Bryobacter_CoA8_BinC33_Ga0318636_1106	Otu24642	94.49	254	12	2	489	741	1	253	3e-108	390	1481	253	17
2807007782_16S_rRNA_Bryobacter_CoA8_BinC33_Ga0318636_1106	Otu28890	93.28	253	17	0	489	741	1	253	3e-103	374	1481	253	17
2807007782_16S_rRNA_Bryobacter_CoA8_BinC33_Ga0318636_1106	Otu24924	93.28	253	17	0	489	741	1	253	3e-103	374	1481	253	17
2807007782_16S_rRNA_Bryobacter_CoA8_BinC33_Ga0318636_1106	Otu00384	93.28	253	17	0	489	741	1	253	3e-103	374	1481	253	17
2807007782_16S_rRNA_Bryobacter_CoA8_BinC33_Ga0318636_1106	Otu34270	92.89	253	18	0	489	741	1	253	1e-101	368	1481	253	17
2807007782_16S_rRNA_Bryobacter_CoA8_BinC33_Ga0318636_1106	Otu28740	92.91	254	16	2	489	741	1	253	1e-101	368	1481	253	17
2807007782_16S_rRNA_Bryobacter_CoA8_BinC33_Ga0318636_1106	Otu26496	92.89	253	18	0	489	741	1	253	1e-101	368	1481	253	17
2807007782_16S_rRNA_Bryobacter_CoA8_BinC33_Ga0318636_1106	Otu14583	92.89	253	18	0	489	741	1	253	1e-101	368	1481	253	17
2807007782_16S_rRNA_Bryobacter_CoA8_BinC33_Ga0318636_1106	Otu27818	92.49	253	19	0	489	741	1	253	6e-100	363	1481	253	17
2807007782_16S_rRNA_Bryobacter_CoA8_BinC33_Ga0318636_1106	Otu02718	92.49	253	19	0	489	741	1	253	6e-100	363	1481	253	17
2807007782_16S_rRNA_Bryobacter_CoA8_BinC33_Ga0318636_1106	Otu34971	92.09	253	20	0	489	741	1	253	3e-98	357	1481	253	17
2807007782_16S_rRNA_Bryobacter_CoA8_BinC33_Ga0318636_1106	Otu27585	92.09	253	20	0	489	741	1	253	3e-98	357	1481	253	17
2807007782_16S_rRNA_Bryobacter_CoA8_BinC33_Ga0318636_1106	Otu26020	92.09	253	20	0	489	741	1	253	3e-98	357	1481	253	17
2807007782_16S_rRNA_Bryobacter_CoA8_BinC33_Ga0318636_1106	Otu23538	92.09	253	20	0	489	741	1	253	3e-98	357	1481	253	17
2807007782_16S_rRNA_Bryobacter_CoA8_BinC33_Ga0318636_1106	Otu05745	92.09	253	20	0	489	741	1	253	3e-98	357	1481	253	17
2807007782_16S_rRNA_Bryobacter_CoA8_BinC33_Ga0318636_1106	Otu29738	92.37	249	19	0	489	737	1	249	1e-97	355	1481	253	17
2807007782_16S_rRNA_Bryobacter_CoA8_BinC33_Ga0318636_1106	Otu18339	91.73	254	19	2	489	741	1	253	1e-96	351	1481	253	17
2807007782_16S_rRNA_Bryobacter_CoA8_BinC33_Ga0318636_1106	Otu12921	91.70	253	21	0	489	741	1	253	1e-96	351	1481	253	17
2807007782_16S_rRNA_Bryobacter_CoA8_BinC33_Ga0318636_1106	Otu07246	91.70	253	21	0	489	741	1	253	1e-96	351	1481	253	17
2807007782_16S_rRNA_Bryobacter_CoA8_BinC33_Ga0318636_1106	Otu01011	91.73	254	19	2	489	741	1	253	1e-96	351	1481	253	17
2807007782_16S_rRNA_Bryobacter_CoA8_BinC33_Ga0318636_1106	Otu15634	91.67	252	21	0	489	740	1	252	5e-96	350	1481	253	17
2807007782_16S_rRNA_Bryobacter_CoA8_BinC33_Ga0318636_1106	Otu30563	91.30	253	22	0	489	741	1	253	7e-95	346	1481	253	17
2807007782_16S_rRNA_Bryobacter_CoA8_BinC33_Ga0318636_1106	Otu29262	91.30	253	22	0	489	741	1	253	7e-95	346	1481	253	17
2807007782_16S_rRNA_Bryobacter_CoA8_BinC33_Ga0318636_1106	Otu22468	91.30	253	22	0	489	741	1	253	7e-95	346	1481	253	17
2807007782_16S_rRNA_Bryobacter_CoA8_BinC33_Ga0318636_1106	Otu10606	91.30	253	22	0	489	741	1	253	7e-95	346	1481	253	17
2807007782_16S_rRNA_Bryobacter_CoA8_BinC33_Ga0318636_1106	Otu03467	91.30	253	22	0	489	741	1	253	7e-95	346	1481	253	17
2807007782_16S_rRNA_Bryobacter_CoA8_BinC33_Ga0318636_1106	Otu01384	91.37	255	18	4	489	741	1	253	7e-95	346	1481	253	17
2807007782_16S_rRNA_Bryobacter_CoA8_BinC33_Ga0318636_1106	Otu24309	90.91	253	23	0	489	741	1	253	3e-93	340	1481	253	17
2807007782_16S_rRNA_Bryobacter_CoA8_BinC33_Ga0318636_1106	Otu16258	90.91	253	23	0	489	741	1	253	3e-93	340	1481	253	17
2807007782_16S_rRNA_Bryobacter_CoA8_BinC33_Ga0318636_1106	Otu10343	90.91	253	23	0	489	741	1	253	3e-93	340	1481	253	17
2807007782_16S_rRNA_Bryobacter_CoA8_BinC33_Ga0318636_1106	Otu09282	90.94	254	21	2	489	741	1	253	3e-93	340	1481	253	17
2807007782_16S_rRNA_Bryobacter_CoA8_BinC33_Ga0318636_1106	Otu04920	91.20	250	22	0	489	738	1	250	3e-93	340	1481	253	17
2807007782_16S_rRNA_Bryobacter_CoA8_BinC33_Ga0318636_1106	Otu04744	90.91	253	23	0	489	741	1	253	3e-93	340	1481	253	17
2807007782_16S_rRNA_Bryobacter_CoA8_BinC33_Ga0318636_1106	Otu04689	90.91	253	23	0	489	741	1	253	3e-93	340	1481	253	17
2807007782_16S_rRNA_Bryobacter_CoA8_BinC33_Ga0318636_1106	Otu04552	90.91	253	23	0	489	741	1	253	3e-93	340	1481	253	17
2807007782_16S_rRNA_Bryobacter_CoA8_BinC33_Ga0318636_1106	Otu02867	90.91	253	23	0	489	741	1	253	3e-93	340	1481	253	17
2807007782_16S_rRNA_Bryobacter_CoA8_BinC33_Ga0318636_1106	Otu00487	90.91	253	23	0	489	741	1	253	3e-93	340	1481	253	17
2807007782_16S_rRNA_Bryobacter_CoA8_BinC33_Ga0318636_1106	Otu34540	90.51	253	24	0	489	741	1	253	1e-91	335	1481	253	17
2807007782_16S_rRNA_Bryobacter_CoA8_BinC33_Ga0318636_1106	Otu32880	90.51	253	24	0	489	741	1	253	1e-91	335	1481	253	17
2807007782_16S_rRNA_Bryobacter_CoA8_BinC33_Ga0318636_1106	Otu28374	90.51	253	24	0	489	741	1	253	1e-91	335	1481	253	17
2807007782_16S_rRNA_Bryobacter_CoA8_BinC33_Ga0318636_1106	Otu27960	90.59	255	20	4	489	741	1	253	1e-91	335	1481	253	17
2807007782_16S_rRNA_Bryobacter_CoA8_BinC33_Ga0318636_1106	Otu25515	90.51	253	24	0	489	741	1	253	1e-91	335	1481	253	17
2807007782_16S_rRNA_Bryobacter_CoA8_BinC33_Ga0318636_1106	Otu25420	90.51	253	24	0	489	741	1	253	1e-91	335	1481	253	17
2807007782_16S_rRNA_Bryobacter_CoA8_BinC33_Ga0318636_1106	Otu20645	90.55	254	22	2	489	741	1	253	1e-91	335	1481	253	17
2807007782_16S_rRNA_Bryobacter_CoA8_BinC33_Ga0318636_1106	Otu19551	90.51	253	24	0	489	741	1	253	1e-91	335	1481	253	17
2807007782_16S_rRNA_Bryobacter_CoA8_BinC33_Ga0318636_1106	Otu16480	90.51	253	24	0	489	741	1	253	1e-91	335	1481	253	17
2807007782_16S_rRNA_Bryobacter_CoA8_BinC33_Ga0318636_1106	Otu15224	90.55	254	22	2	489	741	1	253	1e-91	335	1481	253	17
2807007782_16S_rRNA_Bryobacter_CoA8_BinC33_Ga0318636_1106	Otu14030	90.55	254	22	2	489	741	1	253	1e-91	335	1481	253	17
2807007782_16S_rRNA_Bryobacter_CoA8_BinC33_Ga0318636_1106	Otu10001	90.55	254	22	2	489	741	1	253	1e-91	335	1481	253	17
2807007782_16S_rRNA_Bryobacter_CoA8_BinC33_Ga0318636_1106	Otu07601	90.51	253	24	0	489	741	1	253	1e-91	335	1481	253	17
2807007782_16S_rRNA_Bryobacter_CoA8_BinC33_Ga0318636_1106	Otu07319	90.51	253	24	0	489	741	1	253	1e-91	335	1481	253	17
2807007782_16S_rRNA_Bryobacter_CoA8_BinC33_Ga0318636_1106	Otu06456	90.55	254	22	2	489	741	1	253	1e-91	335	1481	253	17
2807007782_16S_rRNA_Bryobacter_CoA8_BinC33_Ga0318636_1106	Otu04970	90.51	253	24	0	489	741	1	253	1e-91	335	1481	253	17
2807007782_16S_rRNA_Bryobacter_CoA8_BinC33_Ga0318636_1106	Otu04696	90.51	253	24	0	489	741	1	253	1e-91	335	1481	253	17
2807007782_16S_rRNA_Bryobacter_CoA8_BinC33_Ga0318636_1106	Otu03939	90.55	254	22	2	489	741	1	253	1e-91	335	1481	253	17
2807007782_16S_rRNA_Bryobacter_CoA8_BinC33_Ga0318636_1106	Otu03825	90.51	253	24	0	489	741	1	253	1e-91	335	1481	253	17
2807007782_16S_rRNA_Bryobacter_CoA8_BinC33_Ga0318636_1106	Otu35445	90.16	254	23	2	489	741	1	253	7e-90	329	1481	253	17
2807007782_16S_rRNA_Bryobacter_CoA8_BinC33_Ga0318636_1106	Otu34569	90.12	253	25	0	489	741	1	253	7e-90	329	1481	253	17
2807007782_16S_rRNA_Bryobacter_CoA8_BinC33_Ga0318636_1106	Otu28289	90.12	253	25	0	489	741	1	253	7e-90	329	1481	253	17
2807007782_16S_rRNA_Bryobacter_CoA8_BinC33_Ga0318636_1106	Otu27790	90.12	253	25	0	489	741	1	253	7e-90	329	1481	253	17
2807007782_16S_rRNA_Bryobacter_CoA8_BinC33_Ga0318636_1106	Otu27091	90.16	254	23	2	489	741	1	253	7e-90	329	1481	253	17
2807007782_16S_rRNA_Bryobacter_CoA8_BinC33_Ga0318636_1106	Otu07937	90.12	253	25	0	489	741	1	253	7e-90	329	1481	253	17
2807007782_16S_rRNA_Bryobacter_CoA8_BinC33_Ga0318636_1106	Otu07535	90.16	254	23	2	489	741	1	253	7e-90	329	1481	253	17
2807007782_16S_rRNA_Bryobacter_CoA8_BinC33_Ga0318636_1106	Otu06540	90.16	254	23	2	489	741	1	253	7e-90	329	1481	253	17
2807007782_16S_rRNA_Bryobacter_CoA8_BinC33_Ga0318636_1106	Otu05872	90.20	255	21	4	489	741	1	253	7e-90	329	1481	253	17
2807007782_16S_rRNA_Bryobacter_CoA8_BinC33_Ga0318636_1106	Otu04580	90.12	253	25	0	489	741	1	253	7e-90	329	1481	253	17
2807007782_16S_rRNA_Bryobacter_CoA8_BinC33_Ga0318636_1106	Otu03530	90.16	254	23	2	489	741	1	253	7e-90	329	1481	253	17
2807007782_16S_rRNA_Bryobacter_CoA8_BinC33_Ga0318636_1106	Otu03136	90.12	253	25	0	489	741	1	253	7e-90	329	1481	253	17
2807007782_16S_rRNA_Bryobacter_CoA8_BinC33_Ga0318636_1106	Otu01540	90.61	245	19	4	499	741	11	253	1e-87	322	1481	253	16
Ga0307118_11729944_16S_rRNA_Paludibaculum	Otu00067	99.60	253	1	0	490	742	1	253	6e-130	462	1499	253	17
Ga0307118_11729944_16S_rRNA_Paludibaculum	Otu16080	100.00	243	0	0	500	742	11	253	5e-126	449	1499	253	16
Ga0307118_11729944_16S_rRNA_Paludibaculum	Otu37781	98.02	253	5	0	490	742	1	253	3e-123	440	1499	253	17
Ga0307118_11729944_16S_rRNA_Paludibaculum	Otu37616	98.02	253	5	0	490	742	1	253	3e-123	440	1499	253	17
Ga0307118_11729944_16S_rRNA_Paludibaculum	Otu37153	98.02	253	5	0	490	742	1	253	3e-123	440	1499	253	17
Ga0307118_11729944_16S_rRNA_Paludibaculum	Otu36993	98.02	253	5	0	490	742	1	253	3e-123	440	1499	253	17
Ga0307118_11729944_16S_rRNA_Paludibaculum	Otu31798	98.02	253	5	0	490	742	1	253	3e-123	440	1499	253	17
Ga0307118_11729944_16S_rRNA_Paludibaculum	Otu31516	98.02	253	5	0	490	742	1	253	3e-123	440	1499	253	17
Ga0307118_11729944_16S_rRNA_Paludibaculum	Otu20453	98.02	253	5	0	490	742	1	253	3e-123	440	1499	253	17
Ga0307118_11729944_16S_rRNA_Paludibaculum	Otu20374	98.02	253	5	0	490	742	1	253	3e-123	440	1499	253	17
Ga0307118_11729944_16S_rRNA_Paludibaculum	Otu20334	98.02	253	5	0	490	742	1	253	3e-123	440	1499	253	17
Ga0307118_11729944_16S_rRNA_Paludibaculum	Otu19591	98.02	253	5	0	490	742	1	253	3e-123	440	1499	253	17
Ga0307118_11729944_16S_rRNA_Paludibaculum	Otu15126	98.02	253	5	0	490	742	1	253	3e-123	440	1499	253	17
Ga0307118_11729944_16S_rRNA_Paludibaculum	Otu12973	98.02	253	5	0	490	742	1	253	3e-123	440	1499	253	17
Ga0307118_11729944_16S_rRNA_Paludibaculum	Otu12306	98.02	253	5	0	490	742	1	253	3e-123	440	1499	253	17
Ga0307118_11729944_16S_rRNA_Paludibaculum	Otu10530	98.40	250	4	0	490	739	1	250	3e-123	440	1499	253	17
Ga0307118_11729944_16S_rRNA_Paludibaculum	Otu09876	98.02	253	5	0	490	742	1	253	3e-123	440	1499	253	17
Ga0307118_11729944_16S_rRNA_Paludibaculum	Otu09834	98.02	253	5	0	490	742	1	253	3e-123	440	1499	253	17
Ga0307118_11729944_16S_rRNA_Paludibaculum	Otu09353	98.02	253	5	0	490	742	1	253	3e-123	440	1499	253	17
Ga0307118_11729944_16S_rRNA_Paludibaculum	Otu08538	98.02	253	5	0	490	742	1	253	3e-123	440	1499	253	17
Ga0307118_11729944_16S_rRNA_Paludibaculum	Otu07319	98.02	253	5	0	490	742	1	253	3e-123	440	1499	253	17
Ga0307118_11729944_16S_rRNA_Paludibaculum	Otu06783	98.02	253	5	0	490	742	1	253	3e-123	440	1499	253	17
Ga0307118_11729944_16S_rRNA_Paludibaculum	Otu20469	98.02	252	5	0	490	741	1	252	1e-122	438	1499	253	17
Ga0307118_11729944_16S_rRNA_Paludibaculum	Otu22133	98.39	248	4	0	490	737	1	248	4e-122	436	1499	253	17
Ga0307118_11729944_16S_rRNA_Paludibaculum	Otu31685	97.63	253	6	0	490	742	1	253	1e-121	435	1499	253	17
Ga0307118_11729944_16S_rRNA_Paludibaculum	Otu23687	97.63	253	6	0	490	742	1	253	1e-121	435	1499	253	17
Ga0307118_11729944_16S_rRNA_Paludibaculum	Otu20765	97.63	253	6	0	490	742	1	253	1e-121	435	1499	253	17
Ga0307118_11729944_16S_rRNA_Paludibaculum	Otu20385	97.63	253	6	0	490	742	1	253	1e-121	435	1499	253	17
Ga0307118_11729944_16S_rRNA_Paludibaculum	Otu16332	97.63	253	6	0	490	742	1	253	1e-121	435	1499	253	17
Ga0307118_11729944_16S_rRNA_Paludibaculum	Otu37258	97.23	253	7	0	490	742	1	253	6e-120	429	1499	253	17
Ga0307118_11729944_16S_rRNA_Paludibaculum	Otu32880	97.23	253	7	0	490	742	1	253	6e-120	429	1499	253	17
Ga0307118_11729944_16S_rRNA_Paludibaculum	Otu23686	97.60	250	6	0	490	739	1	250	6e-120	429	1499	253	17
Ga0307118_11729944_16S_rRNA_Paludibaculum	Otu23377	97.23	253	7	0	490	742	1	253	6e-120	429	1499	253	17
Ga0307118_11729944_16S_rRNA_Paludibaculum	Otu23147	97.23	253	7	0	490	742	1	253	6e-120	429	1499	253	17
Ga0307118_11729944_16S_rRNA_Paludibaculum	Otu22385	97.23	253	7	0	490	742	1	253	6e-120	429	1499	253	17
Ga0307118_11729944_16S_rRNA_Paludibaculum	Otu21688	97.23	253	7	0	490	742	1	253	6e-120	429	1499	253	17
Ga0307118_11729944_16S_rRNA_Paludibaculum	Otu17491	97.23	253	7	0	490	742	1	253	6e-120	429	1499	253	17
Ga0307118_11729944_16S_rRNA_Paludibaculum	Otu16480	97.24	254	5	2	490	742	1	253	6e-120	429	1499	253	17
Ga0307118_11729944_16S_rRNA_Paludibaculum	Otu10671	97.23	253	7	0	490	742	1	253	6e-120	429	1499	253	17
Ga0307118_11729944_16S_rRNA_Paludibaculum	Otu34715	96.84	253	8	0	490	742	1	253	3e-118	424	1499	253	17
Ga0307118_11729944_16S_rRNA_Paludibaculum	Otu25624	96.84	253	8	0	490	742	1	253	3e-118	424	1499	253	17
Ga0307118_11729944_16S_rRNA_Paludibaculum	Otu25387	96.84	253	8	0	490	742	1	253	3e-118	424	1499	253	17
Ga0307118_11729944_16S_rRNA_Paludibaculum	Otu23089	96.84	253	8	0	490	742	1	253	3e-118	424	1499	253	17
Ga0307118_11729944_16S_rRNA_Paludibaculum	Otu17490	96.84	253	8	0	490	742	1	253	3e-118	424	1499	253	17
Ga0307118_11729944_16S_rRNA_Paludibaculum	Otu14583	96.84	253	8	0	490	742	1	253	3e-118	424	1499	253	17
Ga0307118_11729944_16S_rRNA_Paludibaculum	Otu34882	96.44	253	9	0	490	742	1	253	1e-116	418	1499	253	17
Ga0307118_11729944_16S_rRNA_Paludibaculum	Otu28158	96.44	253	9	0	490	742	1	253	1e-116	418	1499	253	17
Ga0307118_11729944_16S_rRNA_Paludibaculum	Otu34793	97.13	244	7	0	490	733	1	244	6e-115	412	1499	253	16
Ga0307118_11729944_16S_rRNA_Paludibaculum	Otu24197	96.05	253	10	0	490	742	1	253	6e-115	412	1499	253	17
Ga0307118_11729944_16S_rRNA_Paludibaculum	Otu35223	97.12	243	7	0	490	732	1	243	2e-114	411	1499	253	16
Ga0307118_11729944_16S_rRNA_Paludibaculum	Otu25011	96.73	245	8	0	498	742	9	253	8e-114	409	1499	253	16
Ga0307118_11729944_16S_rRNA_Paludibaculum	Otu34712	95.65	253	11	0	490	742	1	253	3e-113	407	1499	253	17
Ga0307118_11729944_16S_rRNA_Paludibaculum	Otu35247	95.65	253	10	1	490	742	1	252	1e-112	405	1499	252	17
Ga0307118_11729944_16S_rRNA_Paludibaculum	Otu35205	95.26	253	12	0	490	742	1	253	1e-111	401	1499	253	17
Ga0307118_11729944_16S_rRNA_Paludibaculum	Otu35182	95.26	253	12	0	490	742	1	253	1e-111	401	1499	253	17
Ga0307118_11729944_16S_rRNA_Paludibaculum	Otu30040	95.26	253	12	0	490	742	1	253	1e-111	401	1499	253	17
Ga0307118_11729944_16S_rRNA_Paludibaculum	Otu00487	95.26	253	12	0	490	742	1	253	1e-111	401	1499	253	17
Ga0307118_11729944_16S_rRNA_Paludibaculum	Otu35222	94.86	253	13	0	490	742	1	253	6e-110	396	1499	253	17
Ga0307118_11729944_16S_rRNA_Paludibaculum	Otu00384	94.86	253	13	0	490	742	1	253	6e-110	396	1499	253	17
Ga0307118_11729944_16S_rRNA_Paludibaculum	Otu27694	94.47	253	14	0	490	742	1	253	3e-108	390	1499	253	17
Ga0307118_11729944_16S_rRNA_Paludibaculum	Otu27012	94.47	253	14	0	490	742	1	253	3e-108	390	1499	253	17
Ga0307118_11729944_16S_rRNA_Paludibaculum	Otu25925	94.07	253	15	0	490	742	1	253	1e-106	385	1499	253	17
Ga0307118_11729944_16S_rRNA_Paludibaculum	Otu04970	93.68	253	16	0	490	742	1	253	6e-105	379	1499	253	17
Ga0307118_11729944_16S_rRNA_Paludibaculum	Otu34971	93.28	253	17	0	490	742	1	253	3e-103	374	1499	253	17
Ga0307118_11729944_16S_rRNA_Paludibaculum	Otu34270	93.28	253	17	0	490	742	1	253	3e-103	374	1499	253	17
Ga0307118_11729944_16S_rRNA_Paludibaculum	Otu16258	93.28	253	17	0	490	742	1	253	3e-103	374	1499	253	17
Ga0307118_11729944_16S_rRNA_Paludibaculum	Otu04920	93.60	250	16	0	490	739	1	250	3e-103	374	1499	253	17
Ga0307118_11729944_16S_rRNA_Paludibaculum	Otu23538	92.89	253	18	0	490	742	1	253	1e-101	368	1499	253	17
Ga0307118_11729944_16S_rRNA_Paludibaculum	Otu05745	92.94	255	14	4	490	742	1	253	1e-101	368	1499	253	17
Ga0307118_11729944_16S_rRNA_Paludibaculum	Otu15634	92.86	252	18	0	490	741	1	252	5e-101	366	1499	253	17
Ga0307118_11729944_16S_rRNA_Paludibaculum	Otu10343	92.49	253	19	0	490	742	1	253	7e-100	363	1499	253	17
Ga0307118_11729944_16S_rRNA_Paludibaculum	Otu29738	92.77	249	18	0	490	738	1	249	2e-99	361	1499	253	17
Ga0307118_11729944_16S_rRNA_Paludibaculum	Otu26496	92.09	253	20	0	490	742	1	253	3e-98	357	1499	253	17
Ga0307118_11729944_16S_rRNA_Paludibaculum	Otu22468	92.09	253	20	0	490	742	1	253	3e-98	357	1499	253	17
Ga0307118_11729944_16S_rRNA_Paludibaculum	Otu27246	91.70	253	21	0	490	742	1	253	1e-96	351	1499	253	17
Ga0307118_11729944_16S_rRNA_Paludibaculum	Otu25515	91.70	253	21	0	490	742	1	253	1e-96	351	1499	253	17
Ga0307118_11729944_16S_rRNA_Paludibaculum	Otu13028	91.76	255	17	4	490	742	1	253	1e-96	351	1499	253	17
Ga0307118_11729944_16S_rRNA_Paludibaculum	Otu27818	91.30	253	22	0	490	742	1	253	7e-95	346	1499	253	17
Ga0307118_11729944_16S_rRNA_Paludibaculum	Otu24309	91.30	253	22	0	490	742	1	253	7e-95	346	1499	253	17
Ga0307118_11729944_16S_rRNA_Paludibaculum	Otu02472	91.37	255	18	4	490	742	1	253	7e-95	346	1499	253	17
Ga0307118_11729944_16S_rRNA_Paludibaculum	Otu12691	91.27	252	20	2	492	742	3	253	9e-94	342	1499	253	17
Ga0307118_11729944_16S_rRNA_Paludibaculum	Otu29262	90.91	253	23	0	490	742	1	253	3e-93	340	1499	253	17
Ga0307118_11729944_16S_rRNA_Paludibaculum	Otu28374	90.98	255	19	4	490	742	1	253	3e-93	340	1499	253	17
Ga0307118_11729944_16S_rRNA_Paludibaculum	Otu18339	90.98	255	19	4	490	742	1	253	3e-93	340	1499	253	17
Ga0307118_11729944_16S_rRNA_Paludibaculum	Otu02013	90.98	255	19	4	490	742	1	253	3e-93	340	1499	253	17
Ga0307118_11729944_16S_rRNA_Paludibaculum	Otu01785	90.98	255	19	4	490	742	1	253	3e-93	340	1499	253	17
Ga0307118_11729944_16S_rRNA_Paludibaculum	Otu29496	90.55	254	22	2	490	742	1	253	1e-91	335	1499	253	17
Ga0307118_11729944_16S_rRNA_Paludibaculum	Otu27585	90.59	255	20	4	490	742	1	253	1e-91	335	1499	253	17
Ga0307118_11729944_16S_rRNA_Paludibaculum	Otu06456	90.59	255	20	4	490	742	1	253	1e-91	335	1499	253	17
Ga0307118_11729944_16S_rRNA_Paludibaculum	Otu04552	90.59	255	20	4	490	742	1	253	1e-91	335	1499	253	17
Ga0307118_11729944_16S_rRNA_Paludibaculum	Otu03467	90.59	255	20	4	490	742	1	253	1e-91	335	1499	253	17
Ga0307118_11729944_16S_rRNA_Paludibaculum	Otu02309	90.55	254	22	2	490	742	1	253	1e-91	335	1499	253	17
Ga0307118_11729944_16S_rRNA_Paludibaculum	Otu31255	90.12	253	25	0	490	742	1	253	7e-90	329	1499	253	17
Ga0307118_11729944_16S_rRNA_Paludibaculum	Otu30620	90.12	253	25	0	490	742	1	253	7e-90	329	1499	253	17
Ga0307118_11729944_16S_rRNA_Paludibaculum	Otu27790	90.20	255	21	4	490	742	1	253	7e-90	329	1499	253	17
Ga0307118_11729944_16S_rRNA_Paludibaculum	Otu20645	90.12	253	25	0	490	742	1	253	7e-90	329	1499	253	17
Ga0307118_11729944_16S_rRNA_Paludibaculum	Otu17221	90.12	253	25	0	490	742	1	253	7e-90	329	1499	253	17
Ga0307118_11729944_16S_rRNA_Paludibaculum	Otu12921	90.16	254	23	2	490	742	1	253	7e-90	329	1499	253	17
Ga0307118_11729944_16S_rRNA_Paludibaculum	Otu09282	90.12	253	25	0	490	742	1	253	7e-90	329	1499	253	17
Ga0307118_11729944_16S_rRNA_Paludibaculum	Otu07246	90.20	255	21	4	490	742	1	253	7e-90	329	1499	253	17
Ga0307118_11729944_16S_rRNA_Paludibaculum	Otu06540	90.20	255	21	4	490	742	1	253	7e-90	329	1499	253	17
Ga0307118_11729944_16S_rRNA_Paludibaculum	Otu04580	90.12	253	25	0	490	742	1	253	7e-90	329	1499	253	17
Ga0307118_11729944_16S_rRNA_Paludibaculum	Otu02867	90.16	254	23	2	490	742	1	253	7e-90	329	1499	253	17
Ga0307118_11729944_16S_rRNA_Paludibaculum	Otu02334	90.16	254	23	2	490	742	1	253	7e-90	329	1499	253	17
